007602 3400352

007635 3400353

007656 3400354

007689 3400355

0076CB 3400356

0076E7 3400357

007725 3400358

007791 3400359

0077F1 3400360

00780D 3400361

00782B 3400362

007861 3400363

007877 3400364

0078AC 3400365

007AD3 3400407

007AFD 3400408

007B1E 3400409

007B76 3400410

007BA8 3400411

007BEE 3400412

007C21 3400413

007C31 3400414

007C88 3400415

007CD1 3400416

007D06 3400417

007D32 3400418

007D79 3400419

007D8F 3400420

007DBC 3400421

007DF1 3400422

007E25 3400423

007E54 3400424

007E79 3400425

007EBD 3400426

007F2B 3400427

007F57 3400428

007FBD 3400429

007FE6 3400430

008035 3400431

008068 3400432

008097 3400433

0080C6 3400434

