0021D8 3400239

0021F2 3400240

00223E 3400241

002262 3400242

00231E 3400243

002340 3400244

002366 3400245

0023A4 3400246

0023C2 3400247

0023F1 3400248

002413 3400249

00243B 3400250

002459 3400251

00248C 3400252

0024AA 3400253

0024E3 3400254

00250A 3400255

002527 3400256

002577 3400257

0025A7 3400258

0025D4 3400259

00260C 3400260

00264C 3400261

00267D 3400262

0026DF 3400263

002704 3400264

00273C 3400265

002763 3400266

002781 3400267

0027D6 3400268

0027E8 3400269

002820 3400270

002860 3400271

002906 3400272

002934 3400273

00295E 3400274

002993 3400275

0029BA 3400276

0029EC 3400277

002A1D 3400278

002A3B 3400279

002A6A 3400280

002A8D 3400281

