00091B 2201685

000946 2201686

000972 2201687

000B80 2201688

000B9E 2201689

000CBB 2201690

000CD8 2201691

000D01 2201692

000D43 2201693

000D7A 2201694

000E15 2201695

000E34 2201696

000E72 2201697

000EA5 2201698

000EC8 2201699

000F17 2201700

0014A2 5200195

0014BF 5200196

001504 5200197

00152B 5200198

001552 5200199

001808 5200200

001821 5200201

001844 5200202

001869 5200203

0018AD 5200204

0018EA 5200205

001903 5200206

001B7F 5200207

001CC5 5200208

001D15 5200209

001D2E 5200210

001DF5 5200211

001E24 5200212

001E72 5200213

001E98 5200213

001EB9 5200214

001EED 5200215

001F02 5200216

001F33 5200217

