001FE6 2200176

002006 2200177

002037 2200178

002049 2200179

00208C 2200180

0020C7 2200181

002103 2200182

002121 2200183

002154 2200184

00216F 2200185

0021E9 2200186

00220E 2200187

002239 2200188

002283 2200189

002332 2200190

002380 2200191

00239F 2200192

002400 2200193

002425 2200194

00245A 2200195

00249E 2200196

0024DF 2200197

0024F5 2200198

00250E 2200199

002536 2200200

002550 2200201

00257B 2200202

00259B 2200203

0025D6 2200204

00260F 2200205

002622 2200206

002653 2200207

002692 2200208

0026AA 2200209

0026E9 2200210

002728 2200211

002788 2200212

0027AF 2200213

0027C9 2200214

002816 2200215

002829 2200216

002857 2200217

002869 2200218

0028A0 2200219

0028D7 2200220

0028FB 2200221

002917 2200222

002930 2200223

00296B 2200224

002994 2200225

0029DB 2200226

0029F1 2200227

002A30 2200228

002A6E 2200229

002AAB 2200230

002AE1 2200231

002B0B 2200232

002B36 2200233

002C47 2200234

002CA8 2200235

002CD2 2200236

002CFE 2200237

002D32 2200238

002D79 2200239

002DAD 2200240

002DED 2200241

002E49 2200242

002E65 2200243

002EA2 2200244

002EBC 2200245

002EDB 2200246

002F23 2200247

002F78 2200248

003087 2200249

0030D1 2200250

0030EF 2200251

003118 2200263

003188 2200252

00319E 2200253

0031D3 2200254

003224 2200255

003242 2200256

003279 2200257

0032B1 2200258

0032E8 2200259

003312 2200260

00334F 2200261

0033C0 2200262

0033F0 2200263

003429 2200264

003460 2200265

00348F 2200266

0034B2 2200267

0034DB 2200268

003605 2200269

00364B 2200270

003697 2200271

0036B5 2200272

0036F3 2200273

003741 2200274

00376D 2200275

0037C8 2200276

003A82 2200788

003A93 2200789

003AD4 2200790

003AEB 2200791

003B1E 2200792

003B4B 2200793

003B96 2200794

003BC5 2200795

003BE5 2200796

003C35 2200797

003C52 2200798

003C7F 2200799

003CB2 2200800

003CE6 2200801

003D13 2200802

003D3A 2200803

003D60 2200804

003D99 2200805

003DD8 2200806

003E15 2200807

003E57 2200808

003E8E 2200809

003EA4 2200810

00400E 2200811

00403B 2200812

