0011C8 1200781

0011F7 1200782

001218 1200783

001244 1200784

001264 1200785

0012A1 1200786

0012C6 1200787

001306 1200788

001338 1200789

001369 1200790

0013FC 1200791

00140C 1200792

001525 1200793

001559 1200794

0015EE 1200795

00160B 1200796

00163E 1200797

0017A8 1200799

0017B8 1200800

0017D8 1200801

0017F4 1200802

0018C1 1200803

0018D6 1200804

001915 1200805

001932 1200806

00194B 1200807

00197D 1200808

001994 1200809

001A66 1200810

001ACA 1200811

001ADB 1200812

001B05 1200813

00202D 1200814

002057 1200815

00208D 1200816

002110 1200817

002196 1200818

0022FA 1200819

002341 1200820

002363 1200821

002380 1200822

0023A9 1200823

