000DBA 1200775

000DEB 1200776

000E22 1200777

000E49 1200778

000E7A 1200779

000EE9 1200780

0010D3 1200623

0010F9 1200624

00114B 1200625

001174 1200626

0011B7 1200627

0011DB 1200628

00129F 1200629

0012C9 1200630

001300 1200631

001338 1200632

00135E 1200633

001397 1200634

0013BF 1200635

0013FE 1200636

00143A 1200637

001460 1200638

001499 1200639

0014CF 1200640

0014FA 1200641

001512 1200642

00155E 1200643

0015AE 1200644

0015E7 1200645

001606 1200646

001637 1200647

001648 1200648

001691 1200649

0016E1 1200650

00171E 1200651

001732 1200652

00176F 1200653

0017AC 1200654

0017D7 1200655

0017EC 1200656

001820 1200657

00183E 1200658

001887 1200659

0018B4 1200660

0018D1 1200661

001933 1200662

001976 1200663

00198B 1200664

001A4A 1200665

001A69 1200666

001A92 1200667

001CEF 1200670

001D34 1200671

001D5F 1200668

001D83 1200669

001DDA 1200672

001E12 1200673

001F13 1200674

001F2D 1200675

001F4C 1200676

001F8D 1200677

001FB4 1200678

001FED 1200679

002023 1200680

00205E 1200681

0020A9 1200682

0020E8 1200683

002112 1200684

002131 1200685

002206 1200686

002224 1200687

002255 1200688

00226C 1200689

0022A0 1200686

0022BE 1200687

0022EF 1200688

002306 1200689

002348 1200690

002363 1200691

002395 1200686

0023B3 1200687

0023E4 1200688

0023FB 1200689

00242F 1200692

002477 1200693

0024AD 1200694

0024EB 1200695

00254B 1200696

002559 1200697

00257E 1200698

0025F8 1200699

002633 1200700

002650 1200701

00269F 1200702

0026E0 1200703

002702 1200704

002739 1200705

002772 1200706

00278D 1200707

0027C4 1200708

002812 1200709

002852 1200710

002873 1200711

0028A8 1200712

0028F4 1200713

00292E 1200714

00295E 1200715

0029FE 1200716

002A15 1200717

002A21 1200718

002A6C 1200719

002A8D 1200720

002AA9 1200721

002AF9 1200722

002B1C 1200723

002B4B 1200724

002B9B 1200725

002BDD 1200726

002C33 1200727

002C6F 1200728

002C96 1200729

002CC1 1200730

002CF9 1200731

002D0D 1200732

002D74 1200733

002DC0 1200734

002E28 1200735

002E58 1200736

002EC9 1200737

002EF4 1200738

002F29 1200739

002F53 1200740

002F6C 1200741

002FB6 1200742

002FF3 1200743

003032 1200744

003067 1200745

003092 1200746

0030AD 1200747

0030FD 1200748

00313E 1200749

00316F 1200750

00318F 1200751

0031EE 1200752

003221 1200753

00325F 1200754

0032B9 1200755

0032FD 1200756

003324 1200757

003353 1200758

003390 1200759

0033C0 1200760

0033D5 1200761

00340E 1200762

0034AB 1200763

0034D9 1200764

003515 1200765

00353C 1200766

003577 1200767

0035C2 1200768

0035EA 1200769

003602 1200770

003635 1200771

00366B 1200772

003698 1200773

0036D1 1200774

