00250B 3500841

00252A 3500842

002556 3500843

002581 3500844

0025AD 3500845

0025EB 3500846

00260B 3500847

00263B 3500848

002674 3500849

0026A5 3500850

0026D1 3500851

002700 3500852

002737 3500853

002772 3500854

0027AC 3500855

0027DC 3500856

002808 3500857

002828 3500858

00292B 3500859

002978 3500860

002997 3500861

0029C5 3500862

0029EF 3500863

002A49 3500864

002A5F 3500865

002AC0 3500866

002AE5 3500867

002B1D 3500868

002B4F 3500869

002B80 3500870

002B97 3500871

002C0A 3500872

002C2D 3500873

002C65 3500874

002C9B 3500875

002CC3 3500876

002CFB 3500877

002D32 3500878

002D8B 3500879

002DAD 3500880

002DCE 3500881

002DF5 3500882

002E0B 3500883

002E38 3500884

002E52 3500885

002E88 3500886

002EBE 3500887

002EE2 3500888

002EFE 3500889

002F42 3500890

002F6F 3500891

002F96 3500892

002FC2 3500893

002FEE 3500894

00300C 3500895

00304A 3500896

003079 3500897

0030CA 3500898

0030FD 3500899

003138 3500900

00314E 3500901

003186 3500902

0031B7 3500903

0031F6 3500904

003208 3500905

00323E 3500906

00327F 3500907

0032C0 3500908

0032F7 3500909

003331 3500910

003364 3500911

003386 3500912

0033B9 3500913

0033E5 3500914

003411 3500915

003431 3500916

003444 3500917

003487 3500918

00349D 3500919

0034CB 3500920

0034F8 3500921

003527 3500922

003560 3500923

003585 3500924

0035C8 3500925

0035FA 3500926

00362D 3500927

003653 3500928

003678 3500929

00369D 3500930

003B9C 3500931

003BD2 3500932

003BE8 3500933

003D32 3500934

003D5A 3500935

003D6E 3500936

003DB1 3500937

003DC9 3500938

003E04 3500939

003E1E 3500940

003E8A 3500941

003E9E 3500942

003ECF 3500943

003EFA 3500944

003F42 3500945

003FBA 3500946

003FDC 3500947

004010 3500948

004064 3500949

0040E9 3500950

004114 3500951

004147 3500952

004195 3500953

0041D9 3500954

004297 3500955

0042CF 3500956

004319 3500957

004356 3500958

004383 3500959

0043BC 3500960

004400 3500961

004447 3500962

004490 3500963

0044CF 3500964

004505 3500965

004563 3500966

004591 3500967

0045CE 3500968

0045EF 3500969

004639 3500970

00466D 3500971

004697 3500972

