001473 5100435

001488 5100436

0014AF 5100437

0014D2 5100438

00151D 5100439

001581 5100440

001760 5100441

001782 5100442

0017B2 5100443

001859 5100444

001889 5100445

0018C3 5100446

0018EC 5100447

00192A 5100448

00194C 5100449

00196B 5100450

001991 5100451

0019D4 5100452

0019ED 5100453

001A22 5100454

001A4B 5100455

001E15 5100456

001E31 5100457

001E5D 5100458

001E7B 5100459

001EBC 5100460

001EDF 5100461

001F0A 5100462

001FCB 5100463

001FED 5100464

002026 5100465

002055 5100466

002065 5100467

00209E 5100468

0020E0 5100469

00211A 5100470

002135 5100471

00215B 5100472

002182 5100473

002197 5100474

002529 5100475

00253E 5100476

00255C 5100477

002581 5100478

00259F 5100479

0025BC 5100480

0025E2 5100481

002608 5100482

002630 5100483

002641 5100484

002667 5100485

002693 5100486

0026CB 5100487

0026DF 5100488

002710 5100489

002758 5100490

00277E 5100491

0027B4 5100492

0027CE 5100493

0027E8 5100494

002819 5100495

002850 5100496

