00101E 5100803

0010F1 5100804

001107 5100805

00124B 5100806

001272 5100807

0012D5 5100808

00130B 5100809

001337 5100810

001374 5100811

0013AB 5100812

0013E0 5100813

00140C 5100814

00142E 5100815

001452 5100816

001484 5100817

0014B2 5100818

0014DA 5100819

0014F8 5100820

0015BA 5100821

0015D5 5100822

001616 5100823

001637 5100824

001656 5100825

001689 5100826

0016C4 5100827

0016DF 5100828

00171E 5100829

001738 5100830

00176D 5100831

0017B4 5100832

0017D5 5100833

001811 5100834

001884 5100836

001B45 5100837

001B5E 5100838

001B86 5100839

001BB2 5100840

001BE7 5100841

001C3C 5100842

001C57 5100843

001F2C 5100844

001F55 5100845

001F98 5100846

001FB7 5100847

001FE6 5100849

002015 5100848

002044 5100849

00206E 5100850

0020A6 5100851

0020CF 5100852

0020F6 5100853

002127 5100854

002145 5100855

002174 5100856

0021A4 5100857

0021BB 5100858

0021DD 5100859

002201 5100860

002227 5100861

002249 5100862

0022A3 5100863

0022C5 5100864

0022E8 5100865

002317 5100866

002344 5100867

0023D9 5100868

002445 5100869

002470 5100870

002630 5100871

002644 5100872

002856 5100873

002873 5100874

00289B 5100875

0028D2 5100876

0028F8 5100877

00291F 5100878

002951 5100879

00297A 5100880

0029F2 5100881

002A04 5100882

002AF1 5100883

002B14 5100884

002B46 5100885

002B80 5100886

002BB2 5100887

002BDA 5100888

002C15 5100889

002E1F 5100890

002E42 5100891

002E64 5100892

002E94 5100893

002ED1 5100894

002EF6 5100895

002F0A 5100896

002F30 5100897

002F63 5100898

002FA1 5100899

002FE3 5100900

003032 5100901

003049 5100902

00308D 5100903

0030B9 5100904

003103 5100905

003153 5100906

003196 5100907

0031C3 5100908

0031DF 5100909

0031FF 5100910

003233 5100911

003264 5100912

00329B 5100913

0032D2 5100914

00330B 5100915

00332A 5100916

003364 5100917

003379 5100918

003446 5100919

00345F 5100920

00347C 5100921

0034B6 5100922

0034E6 5100923

003506 5100924

00353E 5100925

00355A 5100926

003580 5100927

00367C 5100928

003697 5100929

0036B5 5100930

0036F3 5100931

00370A 5100932

00372B 5100933

00375F 5100934

003785 5100935

0037AE 5100936

0038ED 5100937

003902 5100938

003919 5100939

003934 5100940

003962 5100941

00398D 5100942

0039C8 5100943

0039FE 5100944

003B6F 5100945

003B8C 5100946

003BA7 5100947

003BC4 5100948

003BF8 5100949

003C25 5100950

003C6B 5100951

003C83 5100952

003CC6 5100953

003CF1 5100954

003D39 5100955

003D60 5100956

003DB8 5100957

003DDD 5100958

003E41 5100959

003F4C 5100960

003F6A 5100961

004008 5100962

00401A 5100963

004032 5100964

0041FF 5100965

004233 5100966

004258 5100967

004279 5100968

004301 5100969

004319 5100970

004354 5100971

00439C 5100972

0043C7 5100973

004407 5100974

004432 5100975

004455 5100976

004480 5100977

0044A9 5100978

0044E2 5100979

004519 5100980

004549 5100981

004578 5100982

0045C0 5100983

0045EF 5100984

004608 5100985

00463A 5100986

004671 5100987

004691 5100988

0046D3 5100989

0046F3 5100990

00472E 5100991

004779 5100992

0047B0 5100993

0047D3 5100994

0047F8 5100995

004837 5100996

004872 5100997

0048AD 5100998

00490A 5100999

00493F 5101000

004962 5101001

004993 5101002

0049B9 5101003

004A00 5101004

004A29 5101005

004A50 5101006

004A95 5101007

004AC8 5101008

004AED 5101009

004B16 5101010

004B66 5101011

004CAB 5101012

004CC6 5101013

005386 5101014

0053B2 5101015

0053EC 5101016

005422 5101017

005460 5101018

005475 5101019

0054F8 5101020

005549 5101021

005606 5101022

00561C 5101023

005698 5101024

0056E9 5101025

005705 5101026

00573C 5101027

005756 5101028

00578E 5101029

00579E 5101030

0057D7 5101031

0057EB 5101032

005816 5101033

00585D 5101034

