002FFE 3600452

003013 3600453

003042 3600454

003070 3600455

0030AC 3600456

0030D2 3600457

003104 3600458

003147 3600459

00317B 3600460

0031BC 3600461

0031EE 3600462

00322D 3600463

003247 3600464

003274 3600465

0032AA 3600466

0032DE 3600467

003317 3600468

00336A 3600469

00339F 3600470

0033EA 3600471

003417 3600472

003431 3600473

00345E 3600474

0034AB 3600475

0034E1 3600476

0034FB 3600477

003530 3600478

003569 3600479

003599 3600480

0035DA 3600481

0035F2 3600482

00360B 3600483

00363A 3600484

003677 3600485

0036A3 3600486

0036CA 3600487

003708 3600488

003730 3600489

003755 3600490

003948 3600640

003988 3600641

0039C0 3600642

0039D6 3600643

003A09 3600644

003A33 3600645

003A5D 3600646

003A9E 3600647

003AC6 3600648

003B0D 3600649

003B33 3600650

003B66 3600651

