001240 210000078

00127E 210000079

001325 210110001

001345 210110002

001367 210010046

001382 210010047

0013B3 210110003

0013DA 210110004

001403 210000080

00141D 210030055

001463 210110005

001476 210110006

001547 210030056

0015BB 210030057

0015CB 210030058

001602 210110007

00161D 210050022

001657 210040026

0016BE 210030059

0016EB 210000081

001700 210000082

00172C 210010048

001766 210010049

00179F 210030060

0017BB 210030061

0017E1 210030062

001811 210010050

001828 210000083

001856 210030063

00187A 210030064

0018BB 210000084

0018F2 210030063

001916 210030064

001953 210030065

00197E 210000085

001C20 210030066

001C3A 210030067

001C68 210000086

001CA8 210010051

001CE7 210050023

001D0D 210040027

001D41 210000087

001DA6 210120001

001FB5 210000088

001FCC 210010052

001FE5 210110008

002013 210000089

002037 210030068

002123 210000090

002163 210040028

002809 210000109

00281E 210040035

002853 210030088

00287A 210030089

002897 210460034

00292A 212190001

002954 212190002

002975 210030090

002997 210030091

0029C1 212190003

0029F2 212190004

002A21 210030092

002A39 210460035

002A6E 210460036

002AC9 210000110

002AED 210040036

0035AD 330040066

0035DF 330030081

003647 330030082

0036B4 330040067

0036D5 330040068

00370D 330040069

003730 330030083

003748 330030084

003765 330030085

00377B 330030086

003798 330030087

0037CC 330030088

0037E3 330040070

0037F9 330040071

00382B 330040072

003851 330030089

003867 330030090

003899 330030091

0038B8 330040073

0038E7 330040074

003932 330030092

00394C 330030093

00398C 330030094

0039BB 330040075

0039D5 330040076

003A11 330040077

003A29 330030095

003B57 330040078

003B8C 330040079

