0023DB 234190007

00241F 234200002

002457 230060071

002486 230060072

0024BD 230320001

002501 230320002

002533 230320003

002580 230070001

0025A8 230140023

0025E1 230140024

00261F 230060073

00263F 230320004

002688 230320005

0026E3 234190008

0026FC 234200003

00278D 234200004

00279D 230060074

0027E6 230320006

00281E 230320007

00285C 230320008

002910 234240001

00292B 230070002

003244 420000069

003271 420020032

0032B8 420020033

0032F6 420020034

003332 420020035

00335B 420030034

003394 420010038

0033CF 420040021

0033E8 420040022

0034EE 420000070

003514 420050059

003542 420050060

003578 420010039

003652 420230046

003686 420230047

0036C0 420230048

003754 420000071

003770 420020036

0037A7 420230049

0037D9 420230050

00380B 420230051

00382A 420030035

003841 420050061

003A78 420000072

003AB5 420010040

003AE8 420020037

003C48 420230052

003C68 420230053

003CA2 420230054

003CCC 420030036

003CE9 420050062

003D44 420230055

003D68 420040023

003D7F 420040024

003DA9 420040025

003DDB 420230056

003E26 420230057

003E6A 420020038

003EA9 420230058

003EEC 420230059

003F2B 420230056

003F76 420230057

003FB6 420230058

003FF6 420230059

004030 420000073

004057 420010041

