001438 522540001

001524 520030015

001674 522540002

0016B1 522540003

001726 522540004

001741 520000035

001772 520000036

0017A4 522540005

0017B9 522540006

0017E5 522540007

001994 522540008

0019CE 522540009

001A28 520000037

001A86 520040028

001B0A 520180025

001B7E 520050020

002000 522540010

00202C 522540011

00218A 522540012

0021C8 522540013

0021E5 520010018

0023A2 520010019

0023CF 520020019

002414 520030016

002454 520040029

0024AD 520180026

002517 520050021

002565 520180027

0025B5 520000038

0025E8 520010020

