00136A 000050053

001382 000000094

00141F 000000095

001435 000000096

001477 000050054

0014A3 000050055

0014E9 000000097

001527 000000098

00156D 000000099

00158E 000050056

0015A2 000050057

0015E0 000000100

001633 000000101

00165B 000000102

001681 000050058

0016BA 000050059

0016FC 000000103

00174A 000000104

00177A 000050060

0017B1 000050061

0017E1 000000105

001861 000190001

0018E7 000100001

001901 000100002

001984 000120001

0019D9 000110001

001A06 000110002

001A68 000000106

001A9A 000000107

001AD8 000050062

001E2F 000000108

001E87 000050063

001EA1 000050064

001EDC 000050065

001F0C 000000109

001F25 000000110

001F6E 000050066

001F94 000050067

001FDA 000000111

002012 000000112

002089 000080001

0020BF 000090001

002146 000050068

002177 000000113

0021B3 000000114

002232 000240001

00224E 000240002

002289 000240003

00230B 000050069

002331 000000115

00234E 000000116

002395 000000117

0023D0 000050070

0023EA 000050071

002422 000000118

00246D 000000119

00249E 000050072

0024CA 000000120

00250C 000000121

002544 000050073

