001FED 330000103

00201B 330010039

002047 330020068

002077 330030033

0020A7 330050039

0020D5 330040035

002101 330070022

0022B1 330030034

0022DC 330000104

002305 330020069

002326 330070023

002369 330010040

002486 332430001

0024B3 330050040

0024CF 330040036

0024E6 330030035

002502 330010041

002546 332430002

002561 332430003

002597 330020070

0025B2 330000105

0025EE 332430004

002618 332430005

002646 330010042

0026A5 332430006

0026BE 332430007

002705 332430008

002737 330000106

002766 330050041

00278A 330040037

0027A9 332430009

0027C2 332430010

002887 330000107

0028A4 330010043

0028D1 332430011

002909 332430012

002945 330070024

00297A 330050042

0029A4 330040038

0029C9 332430013

0029F9 332430014

002A31 332430015

002A69 330030036

002AAC 330020071

002ADD 330000108

002AF8 330000109

002B22 330010044

002B5A 332430016

002B7B 332430017

002B9C 332430018

002BD8 330000110

002C05 330050043

002C3C 330040039

