002D46 540000073

002D5E 540010039

002D81 540020033

002DB6 540000074

002E41 540450001

002E6A 540450002

002F75 540030045

002F94 540000075

002FE3 540450003

003012 540450004

003042 540450005

003093 540030046

0031ED 540450006

00322F 540450007

003341 540030047

003375 540020034

003396 540010040

0033BF 540000076

0033F2 540000077

00346E 540050024

0034D1 540040073

003530 540180072

00359A 540060022

003605 540180073

003674 540040074

0036AB 540030048

0036EE 540030049

003755 540030050

003780 540000078

00379A 540020035

0037CD 540010041

003828 540050025

003879 540040075

0038D4 540060023

00391F 540180074

0040FF 540020901

004120 540010053

004163 540030092

0041BF 540050030

0041EF 540050031

00421F 540000092

004283 540040083

0042B5 540040084

0042E3 540000093

004347 540060032

004373 540060033

0043A1 540000094

