0003D0 540110042

00040F 540000311

000477 540110043

0004B3 540110044

0004F1 540000312

000519 540000313

000541 540000314

00055D 540000315

00059E 540110045

0005BF 540110046

0005FA 540110047

000619 540000316

000637 540000317

00067A 540110048

0006C6 540110049

000704 540110050

000731 540110051

00079F 540000318

000800 540000319

00081A 540000320

00084F 540000321

00088B 540110052

0008C6 540000322

000905 540000323

000955 540110053

000989 540110054

0009CC 540110055

0009F9 540110056

000A6A 540000324

000AB5 540000325

000B03 540000326

000B36 540000327

000B99 540000328

000BE8 540000329

000C1F 540110057

000C44 540110058

000C66 540000330

000D18 540000331

000DC3 540000332

000E68 540000333

000F0F 540000334

000FB4 540000335

001095 540000336

0010D0 540110059

001122 540110060

00114F 540000337

001190 540000338

0011B7 540000339

0011E4 540000340

001214 540000341

00123D 540000342

00128B 540110061

0012BC 540110062

001389 540110063

0013BE 540110064

001406 540000343

001424 540000344

00153F 540000345

001576 540000346

0015B1 540110065

