0036E8 334210002

003704 330460006

00371C 330460007

00374E 330460008

003766 334210003

003773 334220002

0037C5 330460009

0037F6 330460010

004002 510000258

00401F 510040143

00404F 510180066

004078 510020104

00409B 510120072

00417E 510000259

004198 510020105

0041E3 510180067

004306 510000260

00437E 510020106

00439E 510000261

0043BC 510000262

0043E6 510180068

00440E 510040144

00442B 510040145

004454 510020107

00447F 510020108

0044B7 510120073

004530 510000263

004567 510000264

004599 510180069

0045B0 510180070

004606 510000265

004633 510000266

00465D 510020109

004679 510040146

