003FD3 999990011

0041F3 210000046

00421E 210010024

004286 210000047

0042DC 210400001

0042F7 210400002

004338 210000048

004384 210400003

0043AF 210400004

0043D9 210000049

004417 210000050

004461 210400005

004475 210400006

004490 210400007

0044DE 210000051

00452A 210400008

004540 210400009

00455F 210400010

00458E 210000052

0045C0 210000053

00460A 210400011

004620 210400012

004645 210400013

00468A 210000054

0046AA 210000055

0046F3 210400014

004763 210000056

004778 210000057

0047CE 210400015

00481B 210010025

00484D 210030041

004894 210000058

0048F4 210030042

00491D 210030043

004963 210040016

00498A 210040017

0049BA 210000059

0049E9 210000060

004A25 210010026

004A61 210010027

004A9C 210010028

004AD8 210010029

004B0E 210050016

005023 420020009

0050C7 420010010

0050FD 420000014

005135 420050031

005168 420050032

00519C 420050033

0051C7 420000015

0051E0 420030012

00520D 420030013

005244 420010011

005278 420010012

0052A1 420040008

0052CC 420050034

0052EC 420050035

005322 420000016

005341 420000017

005B40 420000045

005B92 420230001

005BA2 420230002

005BC6 420000046

005C0D 420000047

005C59 420230003

005C84 420230004

005CBD 420000048

005CED 420000049

005D29 420230005

005D57 420230006

005D85 420000050

005D94 420000051

005DDF 420000052

005E14 420230007

005E2F 420230008

005E53 420000053

005E97 420230009

005EAD 420230010

005ED4 420000054

005F2C 420020022

005F85 420000055

005FD9 420030027

006004 420040017

00604D 420010031

00608C 420010032

0060BC 420050054

0060F4 420000056

006114 420020023

006150 420020024

006171 420030028

006277 510000044

00629B 510040041

0064D8 514390001

0064ED 514390002

006519 514400001

00652E 514400002

006562 514390003

00658E 514390004

0065B2 514410001

0065E1 514410002

00661A 514390005

00663B 514390006

006671 514390007

00668E 514420001

0066A6 514420002

0066DE 510000053

00685C 514390008

006878 514400003

0068D1 510120032

006909 510040050

006948 510000054

00696A 510000055

0069AA 514410003

0069C2 514400004

0069E9 514390009

006E44 514390010

006E5C 514400005

006EA0 510040051

006F1F 510000056

006F5A 510040052

006F9D 510040053

006FE3 514400006

007003 514410004

007031 510000057

00704E 510120033

007084 510120034

0070C0 510040054

0070E9 510040055

007121 510040056

007170 514400007

0071B2 514410005

0072ED 510000058

00730E 510120035

007351 510120036

007385 510040057

0073B4 510000059

0073D3 510040058

007410 510040059

00744C 510040060

007484 510000060

0074BE 510020001

0075DF 510020002

00763B 510000061

00765F 510120037

007690 510040061

007741 510000062

00777D 510000063

0077B2 510020003

007800 510020004

00789A 510000064

0078CC 510020005

007903 510020006

007930 510020007

007989 510020008

0079D9 510000065

007A05 510000066

007A28 510000067

007A43 510000068

007A76 510000069

007A9D 510020009

007ADF 510190001

007B24 510130001

007BDE 510000070

007C54 510190002

007D02 510130002

007D22 510130003

007D78 510000071

007D9B 510000072

007DD1 510190003

007DF3 510190004

007E3A 510000073

007E86 510020010

007EBA 510020011

007EEF 510040062

007F11 510120038

007F85 510130004

007F9C 510190005

007FD8 510020012

007FF5 510000074

00801F 510040063

0080A8 510020013

0080C4 510020014

008FEF 250130001

009070 250000001

00919D 250000002

0091D2 250130002

0091F9 250130003

009230 250010001

009252 250030001

009278 250050001

009298 250050002

0092D5 250130004

0092F4 250040001

009335 250130005

00935E 250130006

00938E 250040002

0093AC 250040003

0093E0 250130007

0093FD 250130008

009467 250130009

00949F 250130010

009525 250000003

00956A 250000004

0095B0 250130011

0095E9 250000005

009629 250130012

009660 250130013

009697 250050003

0096CE 250000006

009713 250130014

009741 250130015

009771 250130016

0097A5 250000007

0097DE 250010002

009823 250030002

009855 250000008

009886 250130017

0098CB 250130018

009905 250000009

009923 250000010

00994D 250050004

