00179E 5300105

001801 5300106

001824 5300107

001859 5300108

00188B 5300109

0018A5 5300110

0018D4 5300111

00190E 5300112

001936 5300113

001979 5300114

0019AE 5300115

0019D2 5300116

0019EE 5300117

001A15 5300118

001B1C 5300119

001DFE 5300124

001E17 5300125

001E62 5300126

001EA0 5300127

001EB6 5300128

002044 5300129

00206E 5300130

0020A7 5300131

0020EF 5300132

002115 5300133

002147 5300134

00216A 5300135

002198 5300136

0021CE 5300137

002205 5300138

002243 5300139

0022A3 5300140

0022C4 5300141

00232C 5300142

002589 5300143

0025A9 5300144

0025E6 5300145

002615 5300146

002924 5300147

00293B 5300148

002973 5300149

002C77 0100001

002CCA 0100002

002CED 0100003

002D24 0100004

002D56 0100005

002D70 0100006

002D9F 0100007

002DD9 0100008

002E01 0100009

002E1D 0100010

002E44 0100011

002ED9 0100012

