0006CD 5301021

0006E3 5301022

000705 5301023

000723 5301024

000780 5301025

000810 5301026

000830 5301027

000A16 5301028

000A30 5301029

000AD4 5301030

000AE6 5301031

000B53 5301032

000B6D 5301033

000B8F 5301034

000BC1 5301035

000BFF 5301036

000C2C 5301037

000C62 5301038

000CB5 5301039

000D00 5301040

000D24 5301041

000D6E 5301042

000DB9 5301043

000DD7 5301044

000E05 5301045

000E44 5301046

000E5B 5301047

000E8B 5301048

000EC7 5301049

000EFA 5301050

000F2F 5301051

000F6B 5301052

000FA2 5301053

000FDD 5301054

00100D 5301055

00102D 5301056

00105B 5301057

001078 5301058

001093 5301059

0010B9 5301060

0010F2 5301061

00110F 5301062

001122 5301063

001136 5301064

001149 5301065

0011FF 5301066

001223 5301067

00124A 5301068

00131A 5301069

001339 5301073

001356 5301074

001390 5301075

0013B8 5301076

0013D0 5301077

00140F 5301078

001567 5301079

001585 5301080

0015B1 5301081

0015DD 5301082

001608 5301083

001623 5301084

001646 5301085

001661 5301086

001688 5301087

00169B 5301088

0016D0 5301089

0016EE 5301090

001711 5301091

001744 5301092

001760 5301093

001782 5301094

0017B0 5301095

0017CA 5301096

001808 5301097

00183F 5301098

0019F2 5301099

001A0F 5301100

