002612 1101305

002646 1101306

002662 1101307

00279F 1101308

0027D1 1101309

002805 1101310

002926 1101311

002954 1101312

002986 1101313

002AA5 1101314

002AD3 1101315

002BE2 1101316

002BFC 1101317

002C2B 1101318

002C58 1101319

002D7E 1101177

002DB2 1101178

002DD5 1101179

002DF8 1101180

002E2E 1101181

002E48 1101182

002E5C 1101183

002E8F 1101184

003088 1101283

0030D2 1101284

00310B 1101285

0031B2 1101286

003231 1101287

003264 1101288

00329E 1101289

0032BA 1101290

0032FD 1101291

0033A7 1101292

0033D0 1101293

003407 1101294

00341D 1101295

003444 1101296

003459 1101297

003474 1101298

0035BC 1101299

0035EF 1101300

003616 1101301

00363D 1101302

00365A 1101303

00368A 1101304

