000133 120000060

00018B 120190001

0001AB 120190002

0001EA 120000061

000201 120000062

000243 120190003

000251 120190004

000286 120000063

00030E 120000064

000354 120190005

000375 120190006

0003AF 120000065

0003BE 120000066

000408 120190007

00042B 120190008

00044E 120190009

00047F 120000067

0004AD 120000068

000510 120190010

000524 120190011

00055E 120190012

000595 120000069

0005CA 120190013

0005FD 120190014

000630 120000070

00064B 120000071

0006A3 120190015

0006FB 120050017

00071E 120010027

000754 120000072

000780 120000073

0007C4 120000074

00080A 120040050

000831 120050018

