00415E 120000026

00419E 120010008

0041C5 120050005

004205 120050006

004241 120040006

004283 120040007

0042CD 120000027

0042E9 120000028

00442A 120000029

004460 120010009

00449F 120010010

0045AB 122080001

0045D2 122080002

004604 120000030

004632 122080003

004670 122080004

0046A2 120040008

0046C5 120040009

0046F7 122080005

004714 122080006

004738 122080007

004778 120000031

0047A3 120010011

0047CA 120010013

0047F7 122080008

004818 122080009

004831 120010012

004858 120010013

004892 122080010

0048A9 122080011

0048D9 120000032

0048FA 120000033

004958 122080012

004983 122080013

0049A4 120000034

0049C1 120000035

0049E8 122080014

004A10 122080015

004A48 122080016

004A6B 120010014

004A89 120040010

004ABB 122080017

004AD0 122080018

004AF8 122080019

004B2C 120010015

004B4A 120050007

004B78 122080020

004B8F 122080021

004BC3 122080022

004BE4 120050008

004C03 120000036

004C49 120000037

004C85 120000038

004CB5 120010016

004CCF 122080023

004CE8 122080024

004D33 120000039

004D67 122080025

004D97 122080026

004DE8 122080027

004E09 120000040

004E32 122080028

004E62 122080029

004E96 122080030

004EC6 120050009

004EE5 120040011

004F15 122080031

004F35 122080032

004F65 122080033

004F97 120000041

004FB2 120010017

004FE7 122080034

00500C 122080035

005036 120000042

005055 120010018

005142 122090001

005171 122090002

0051AD 122080036

0051D4 122080037

0051EE 122080038

005221 122090003

005246 122090004

00529A 122090005

0052C2 122080039

005310 122080040

005337 122080041

00545F 342080001

005470 342080002

0054A2 340000031

0054D4 342080003

005510 342080004

00555F 340040011

00557C 340010014

0055AB 340020011

0055D0 342080005

0055FA 342080006

005649 342080007

005671 342080008

0056B1 340000032

0056CA 340000033

0056ED 340020012

005739 340050012

005769 342080009

0057AE 342080010

005852 340000034

005871 340010015

005893 342080011

0058C7 342080012

0058F7 342080013

005934 342080014

00596A 340020013

005987 340000035

0059B5 340040012

0059E7 340040013

005A14 342080015

005A35 342080016

005A6B 342080017

005AAD 340050013

005AC6 340010016

