00034C 330250001

000367 330250002

0003A6 330280001

0003CD 330280002

0003F2 330100012

000414 330100013

000456 330060023

000476 330060024

0004BD 332360001

000500 332360002

00052C 330280003

00055F 330280004

00058D 330280005

0005EA 332360003

000601 332360004

00062D 330250003

000688 330250004

0006D8 330200001

000731 330200002

000771 332460001

0007B7 332460002

0007FC 330280006

00082F 330280007

000861 330200003

000896 330200004

0008D0 330280008

0008F2 330280009

000933 330280010

000972 330280011

0009B2 330060025

0009C9 332360005

0009E4 330100014

