0003D7 510210053

0003FB 510210054

00046B 510280010

0004DE 510290001

000513 510290002

000538 510140001

000560 510140002

000583 510280011

000599 510450001

0005C2 510450002

0005FE 510280012

000624 510280013

000662 510450003

000690 510450004

0006EB 510280014

000713 510280015

000747 510290003

000789 510140003

0007BF 510140004

0007E0 510280016

0008EE 510450005

000916 510450006

000935 510450007

000962 510290004

000988 510290005

0009BE 510280017

000B74 510450008

000B88 510450009

000BBB 510290006

000BF3 510290007

000C31 510290008

000C67 510450010

000C98 510450011

000CBD 510290009

000D36 510460001

000E18 510460002

000E3E 510160001

000E67 510290010

000E92 510290011

000EB6 510460003

000EF0 510460004

000F3C 510450012

000F77 510290012

000F92 510290013

000FDD 510450013

001003 510450014

00103B 510160002

00106B 510160003

001090 510450015

0010B0 510460005

001100 510160004

001185 510290014

0011B0 510160005

0011D6 510160006

001212 510290015

001226 510290016

001253 510160007

001270 510160008

0012A2 510160009

0012DC 510290017

0012F4 510290018

00132D 510290019

00136B 510160010

00139B 510160011

00171A 520280001

00173D 520280002

00176B 520280003

0017AD 520280004

0017E7 524520001

