000873 230060063

000896 230140015

0009B4 230000174

0009DE 230050057

000A29 230060064

000A48 230060065

000B07 230010099

000B23 230030064

000B73 230140016

000C3B 230140017

000D59 230140018

000E0B 230010100

000E33 230040051

000E6F 230140019

000EAB 230000175

000ED6 230000176

000F00 230060066

000F23 230060067

000F4D 230060068

001013 230000177

00103C 230020089

00106F 230140020

0010AA 230140021

0010DE 230030065

00111A 230030066

001155 230000178

00116D 230000179

0011B1 230140022

0011D2 230060069

00120C 230060070

001229 230000180

001241 230050058

001481 230000181

00149F 230000182

001540 230010101

001559 230030067

001C2E 230070003

001C47 230320009

001D4A 230450021

001D62 230460012

001F6D 232040001

001F87 234240002

001FA9 232190003

001FE5 230450022

002001 230450023

002031 230450024

002066 230320010

00207F 230320011

0020B8 230320012

0020E4 230450025

002106 230450026

002142 230450027

002172 230320013

0021A6 230320014

0021DF 230460013

002224 230070004

002292 230460014

0022BB 230460015

0022EB 230070005

002317 230070006

00234C 230460016

00237B 230460017

002390 230460018

0023E4 230070007

002403 230460019

002425 230460020

002469 230070008

00249B 230320015

0024B4 230450028

0024FB 230450029

002535 230070009

002550 230070010

002594 230320016

0025BF 230320017

0025F0 230450030

002612 230460021

