000FCA 120000168

00100B 120000169

001034 120050056

001080 120010084

0010AD 120010085

001104 120000170

001128 120010086

001159 120010087

001182 120040098

0011E4 120010088

0011F8 120040099

001228 120040100

001264 120010089

001280 120040101

0012B8 120040102

0012F4 120040103

00132C 120010090

001354 120000171

00138F 120000172

0013B4 120000173

0013FC 120040104

00141B 120050057

00143D 120050058

001465 120040105

0014A3 120040106

0014E7 120050059

001509 120000174

001530 120010091

00157F 120040107

0015A0 120040108

0015CC 120000175

