0009B1 120010092

0009FF 120000176

000D55 120050060

000D85 120050061

000DA0 120000177

000DB6 120000178

000DEA 120000179

000E21 120040109

000E46 120040110

000E83 120010093

000EE7 120010094

000F97 120050062

000FDF 120040111

00100D 120000180

00109F 120000181

0010DA 120000182

001114 120010095

001137 120000183

001176 120000184

0011B4 120010096

0011DD 120050063

001221 120000185

001264 120000186

00129D 120000187

0012E2 120010097

001303 120050064

001320 120000188

00134D 120000189

0013CB 120000190

001435 120000191

0014D1 120040112

001584 120000192

0017A0 120050065

0017C0 120010098

0018C0 120000193

0018E7 120040113

001BB7 120010099

001BD6 120050066

001C01 120000194

001C30 120040114

001C9F 120040115

001CC7 120000195

001CFE 120010100

001D26 120050067

001DE2 120000196

001F9A 120050068

001FB4 120000197

0022BE 120000198

0022D6 120050069

0022FA 120010101

002417 120120001

002432 120000199

002453 120040116

0024CF 120030001

00250D 120030002

0025A8 120000200

0025D3 120010102

002600 120050070

003453 120000201

003471 120010103

00358B 120030003

0035AE 120030004

00360A 120050071

003636 120040117

003662 120000202

003689 120010104

0036AF 120030005

003701 120030006

003723 120030007

00375A 120000203

003776 120010105

0037A5 120030008

0037DE 120030009

003818 120030010

0038AB 120120002

0038E4 120000204

003910 120040118

003939 120010106

003961 120050072

0039D2 122120021

003D00 120000205

003D26 120030011

003D4A 122120022

003DB1 120040119

003DD5 120010107

003E04 122130001

003E35 122130002

003E62 122140001

003E99 122150001

003ECA 122160001

003EF5 120000206

003F20 120010108

