000321 540000248

00033C 540000249

00039D 540000250

0003D6 540000251

000406 540000252

000468 540000253

0004BE 540000254

0004F4 540000255

000531 540780025

00057A 540780026

000652 540000256

000693 540780027

0006B8 540780028

000703 540000257

00071F 540000258

00077A 540780029

0007A8 540780030

0007CF 540780031

000840 540000259

000867 540000260

0008A1 540009001

0008D0 540780033

000908 540780034

000946 540780035

00096B 540000261

00098B 540000262

0009D6 540780036

000A29 540780037

000A97 540000263

000AC7 540780038

000B18 540780039

000B31 540780040

000B6B 540000264

000B91 540000265

000BBD 540000266

000BE9 540780041

000C40 540780042

000C63 540000267

000C95 540780043

000CC0 540780044

000D21 540780045

000D48 540000268

000D6E 540000269

000DCD 540000270

000E27 540780046

000E44 540780047

000EDB 540780048

000F21 540000271

000F50 540000272

000F85 540780049

000FC7 540780050

001012 540780051

00104C 540780052

001088 540000273

0010B9 540000274

001102 540780053

001123 540780054

001166 540780055

0011B7 540780056

0011F1 540000275

001217 540000276

001245 540000277

001264 540780057

0012BC 540780058

0012FA 540780097

001335 540780053

001352 540780054

001395 540780060

0013C1 540000278

0013EE 540000279

001438 540780061

001472 540780062

0014B2 540000280

0014DE 540000281

00150E 540000282

00152D 540780063

00156B 540780064

0015A9 540780097

0015E4 540780053

001601 540780054

001644 540780066

001687 540780067

0016C1 540000283

0016E7 540000284

001717 540000285

001745 540780068

00179D 540780069

0017D3 540780070

00180A 540780097

001845 540780053

001862 540780054

0018A5 540780072

0018BA 540780073

001911 540000286

00193E 540000287

001970 540000288

00199E 540000289

0019C5 540780074

001A1D 540780075

001A53 540780076

001A8A 540780097

001AC5 540780053

001AE6 540780077

001B18 540780078

001B4F 540000290

001B73 540780079

001BAD 540780080

001BDD 540780081

001C00 540000291

001C26 540000292

001C54 540000293

001C6C 540780082

001CC4 540780083

001CFA 540780097

001D35 540780053

001D56 540780077

001D88 540780085

001DC3 540000294

001DE7 540780086

001E21 540780087

001E57 540780088

001E78 540000295

001E9E 540000296

001ECC 540000297

001EF3 540780089

001F4B 540780090

001F81 540780091

001FB8 540780097

001FE4 540780053

002005 540780092

002037 540780093

002077 540000298

0020A1 540000299

0020CF 540000300

0020F6 540780094

00214E 540780095

002184 540780096

0021BB 540780097

0021E2 540000301

002299 540000302

0022BD 540000303

0022E4 540000304

002309 540780098

002326 540780099

00233F 540780100

002370 540000305

002392 540000306

0023CA 540000307

002404 540000308

002438 540780101

00245B 540780102

00248F 540780103

0024F1 540000309

00250C 540000310

0025BD 540780104

002621 540780105

002683 540780106

