00059F 240000260

0005FE 240110038

00062B 240000261

000678 240110039

000757 240000262

00077A 240000263

0007B7 240110040

0007E1 240110041

000814 240000264

000831 240000265

000859 240110042

000872 240110043

0008C5 240000266

0008DA 240000267

000909 240110044

000920 240110045

00094D 240110046

000987 240110047

0009B8 240000268

000A1D 240110048

000A32 240110049

000A72 240110050

000A9F 240110051

000ABE 240110052

000AF6 240110053

000B2D 240000269

000B9E 240110054

000BC1 240110055

000BE8 240000270

000C0C 240000271

000C2D 240000272

000C67 240110056

000C8C 240000273

000CB4 240000274

000CF0 240000275

000D31 240000276

000D58 240000277

000D88 240110057

000DAF 240110058

000E15 240110059

000E46 240110060

000E7A 240110061

000ECA 240000278

000F05 240000279

000F35 240110062

000F5C 240110063

000FA6 240000280

000FCE 240000281

000FF2 240000282

001029 240110064

001044 240110065

001066 240000283

001086 240000284

0010E9 240000285

001141 240110066

00115A 240110067

00116A 240000286

001188 240000287

0011C4 240110068

0011D7 240110069

001237 240000288

00124E 240000289

001280 240000290

0012BA 240000291

0012EA 240110070

001310 240110071

001339 240110072

001363 240000292

00138B 240000293

0013B7 240000294

0013D3 240110073

0013EA 240110074

001427 240110075

001462 240000295

001476 240000296

0014B7 240110076

001908 512200001

00193E 510030076

001989 512200002

0019A8 512200003

0019FD 512200004

001A1E 512200005

001A6A 514230013

001A8B 514490010

001AA2 510000384

001ABD 510180103

001E82 512200006

001EA8 512200007

001EDA 510030077

001F14 510030078

001F41 512200008

001F84 512200009

002010 512200010

002032 512200011

002065 512200012

002093 510000385

0020B2 510030079

0020D6 510030080

002106 510020163

00213E 510040190

002174 510050050

