00063B 240280001

00065A 240280002

0006C7 240000408

0006FC 240020083

000716 240290036

00074E 240280003

00077B 240010078

00079F 240170017

0007D7 240170018

000807 240280004

000844 240280005

000886 240280006

0008B4 240170019

0008D1 240170020

00090B 240280007

000921 240280008

000960 240280009

0009B4 240280010

0009F0 240000409

000A0C 240170021

000A4A 240180028

000A65 240420028

000A80 240130018

000AD0 240280011

000AF0 240280012

000B22 240280013

000B57 240280014

000B7C 240130019

000B9E 240130020

000BC9 240290037

000C12 240290038

000C42 240280015

000C5E 240280016

000CB2 240000410

000CCA 240030138

000D05 240040083

000D33 240050058

000D54 240190022

000D75 240110088

000D93 240280017

000DD3 240280018

000E1A 240280019

000E46 240280020

000E86 240280021

000EBE 240280022

000EFC 240050059

000F13 240000411

000F2F 240010079

000F6A 240020084

000F9F 240020085

000FD9 240280023

00101C 240280024

001052 240280025

0010AC 240280026

0010CD 240030139

0010E9 240040084

001129 240050060

001148 240280027

001166 240280028

0011B1 240280029

0011E6 240280030

001215 240280031

001251 240010080

001271 240000412

0012A2 240180029

0012C7 240170022

0012E8 240280032

001327 240280033

001371 240280034

001410 240280035

