002020 430030066

00203A 430030067

002074 430020068

0020B7 430020069

0020E2 430010074

00211E 430010075

002135 430000155

002157 430000156

002412 430010076

002438 430030068

002463 430000157

0024AF 430010077

0029B2 264590001

0029CC 264590002

002A26 264590003

002A51 260000493

002C7F 260000494

002CB5 260000495

002CEB 260000496

002D21 260000497

002D59 260000498

002D8F 260000499

002DC5 260000500

002DFB 260000501

002E37 260000502

002E73 260000503

002EA9 260000504

002FBC 264590006

00302C 264590007

003044 264590008

003134 264590004

00314A 264590005

003244 260010086

003274 260010087

003290 260000793

0032A9 260010088

0032C9 260020101

0032F1 260020102

00330E 260000794

003327 260020103

003347 260030103

003373 260030104

00339A 260000795

0033B3 260030105

0033D1 260050104

0033EC 260050105

003409 260000796

003422 260050106

003442 260040107

003466 260040108

003490 260000797

0034A9 260040109

0034C7 260110079

0034EF 260110080

00350F 260000798

003528 260110081

003552 260190088

00357A 260190089

003597 260000799

0035B0 260190090

0035D0 260130095

003606 260130096

00362C 260000800

003645 260130097

003665 260170117

00368D 260170118

0036B3 260000801

0036CC 260170119

0036EA 260180078

003720 260180079

00373D 260000802

003756 260180080

003776 260420106

00379E 260420107

0037BD 260000803

0037D6 260420108

005243 999990020

00526C 999990021

