00230C 510050027

002330 510200007

00234A 510200008

00238E 510030060

0023AB 510000350

0023E7 510200009

002409 510200010

002446 510200011

0024A3 510200012

0024DF 510000351

0024FC 510050028

002524 510030061

002558 510040179

002596 510200013

0025AC 510200014

0025E0 510200015

002607 510200016

002650 510020147

002669 510030062

00269D 510200017

002705 510200018

00276B 510050029

002786 510050030

0027F3 510200019

00280D 510200020

002837 510050031

002854 510020148

002873 510040180

0028C9 510000352

0028E2 510000353

002927 510000354

0029D2 510050032

0029E8 510180095

002A03 510200021

002A1F 510200022

002A77 510200023

002A9C 510050033

002AB2 510040181

002ACF 510040182

002B21 510000355

002B35 510000356

002B62 510000357

002BE6 510020149

002BFD 510030063

002C1F 510180096

002C57 510000358

002C80 510000359

002CC5 510000360

002CFD 510020150

002D35 510050034

002D5F 510200024

002D8A 510200025

002E21 510200026

002E39 510200027

002E6E 510050035

002E8B 510050036

002F40 510200028

002F85 510200029

002FB5 510050037

002FDF 510000361

003005 510200030

003044 510200031

003070 510020151

003089 510030064

0030B7 510040183

0030EA 510200032

003108 510200033

003156 510050038

00316F 510200034

0031A0 510200035

003209 510050039

003220 510200036

003250 510200037

00327F 510200038

0032D8 510050040

