0011FC 220000168

001237 220040041

001266 220050046

00129D 220050047

0012E6 220010081

00130D 220010082

001344 220050048

00137E 220030064

0013BE 220710008

0013D0 220710009

00141A 220710010

0014BC 220000169

0014E1 220000170

001521 220710011

00154E 220710012

00156C 220710013

00170E 220710014

00173C 220710015

001779 220710016

0017BA 220000171

0017D3 220050049

0017FF 220010083

0021C8 440460001

0021F8 440460002

002238 440460003

00229E 440450001

002302 440460004

002319 440460005

002343 440460006

00237E 440460007

0023B0 440450002

0023D6 440450003

00240A 440460008

00243A 440460009

00246F 440460010

00249B 440450004

0024D6 440450005

0024FB 440460011

00252B 440460012

002563 440450006

002589 440450007

0025AA 440450008

0025EE 440460013

002603 440460014

002633 440450009

002655 440450010

002679 440460015

00269A 440460016

0026CC 440450011

0026E2 440450012

002745 440460017

002756 440460018

002782 442190001

0027B6 442190002

002810 440460019

00282A 440450013

002857 440450014

00288B 440460020

00295F 440460021

002990 440460022

0029C6 440460023

0029EC 440450015

002A0C 442190003

