00049D 5200323

0004C9 5200324

0004FE 5200325

000537 5200326

000574 5200327

0005AA 5200328

0005E9 5200329

00062A 5200330

00064A 5200331

000673 5200332

000695 5200333

0006B2 5200334

0006E7 5200335

000724 5200336

000740 5200337

000788 5200338

0007BD 5200339

0007D6 5200340

000879 5200341

0008AE 5200342

0008E5 5200343

000910 5200344

000952 5200345

000996 5200346

0009D3 5200347

0009EF 5200348

000A1A 5200349

000A40 5200350

000A67 5200351

000AF8 5200352

000B27 5200353

000B52 5200354

000B74 5200355

000BA3 5200356

000BD8 5200357

000C13 5200358

000F5E 5300001

000F70 5300002

000F95 5300003

000FC1 5300004

000FE0 5300005

00101E 5300006

001051 5300007

00107B 5300008

0010F4 5300009

00110D 5300010

001151 5300011

001170 5300012

00118E 5300013

00126C 5300014

001283 5300015

00129A 5300016

0012B5 5300017

0012E4 5300018

00130D 5300019

001387 5300020

0013CE 5300021

0013E9 5300022

001428 5300023

001460 5300024

00147B 5300025

0014C5 5300026

001554 5300027

00157D 5300028

00159D 5300029

0015D0 5300030

0015FA 5300031

00162B 5300032

001653 5300033

00166E 5300034

0016B2 5300035

0016C3 5300036

0016EA 5300037

001774 5300038

001836 5300039

001855 5300040

001876 5300041

0018C5 5300042

0018D5 5300043

001915 5300044

001930 5300045

001993 5300046

0019A5 5300047

0019C6 5300048

0019EC 5300049

001A05 5300050

