0062B2 0100048

00632D 0100049

006374 0100050

00639C 0100051

0063D9 0100052

00640E 0100053

00648B 0100054

0064A5 0100055

0064D6 0100056

00650A 0100057

006535 0100058

00654D 0100059

0065AF 0100060

0065EA 0100061

006635 0100062

006665 0100063

006695 0100064

006719 0100065

006742 0100066

006758 0100067

006781 0100068

0067A6 0100069

0067DA 0100070

006817 0100071

00682D 0100072

00686D 0100073

0068A2 0100074

0068D4 0100075

006933 0100076

006944 0100077

00697E 0100078

006998 0100079

0069E4 0100080

006A09 0100081

006A43 0100082

006AA8 0100083

006AF0 0100084

006B45 0100085

006BA1 0100086

006BED 0100087

006C19 0100088

006C31 0100089

006C5E 0100090

006C7C 0100091

006CEA 0100092

006CFD 0100093

006D28 0100094

006D68 0100095

006DB2 0100096

006DEF 0100097

006E0F 0100098

006E62 0100099

006E92 0100100

006EC3 0100101

006EFE 0100102

006F36 0100103

006F88 0100104

006FC8 0100105

007033 0100106

007112 0100107

00712E 0100108

007165 0100109

0071B9 0100110

007211 0100111

00726D 0100112

00728C 0100113

0072D5 0100114

0072F3 0100115

007315 0100116

007339 0100117

007372 0100118

007404 0100119

00742A 0100120

007442 0100121

