00113B 4100322

001154 4100323

00117E 4100324

0011C4 4100325

0011DE 4100326

001228 4100327

001258 4100328

001319 4100329

001334 4100330

00134F 4100331

001360 4100332

0015BB 4100333

0015F6 4100335

001618 4100336

00163A 4100337

0018AC 4100338

001916 4100339

001934 4100340

001953 4100341

001989 4100342

0019AB 4100343

0019E9 4100344

001A1F 4100345

001A65 4100346

001A83 4100347

001A98 4100348

001AB7 4100349

001B01 4100350

001B1D 4100351

001B56 4100352

001B7E 4100353

001BA6 4100354

001BE9 4100355

001C07 4100356

001C45 4100357

001C6E 4100358

001CA0 4100359

001E16 4100419

001E2E 4100420

001E50 4100421

001E7F 4100422

001FAC 4100423

001FDC 4100424

002062 4100425

002076 4100426

00209D 4100427

0020CC 4100428

0020E9 4100429

00211D 4100430

00213F 4100431

002181 4100432

0021C7 4100433

0021EC 4100434

002242 4100435

002262 4100436

002282 4100437

0022C2 4100438

0022FD 4100439

00232F 4100440

002376 4100441

002409 4100442

002420 4100443

002449 4100444

002479 4100445

0024E0 4100446

002507 4100447

