00213B 5300280

002152 5300281

00223D 5300282

00234A 5300283

002376 5300284

0023AD 5300285

0023C9 5300286

0023E7 5300287

002408 5300288

00243D 5300289

0024DA 5300290

00250D 5300291

0029DF 5300292

0029FB 5300293

002A40 5300294

002A7F 5300295

002ABE 5300296

002AFE 5300297

002B16 5300298

002B42 5300299

002B81 5300300

002BAF 5300301

002BEC 5300302

002C26 5300303

002C3D 5300304

003080 5300387

003136 5300388

003156 5300389

003354 5300390

00337B 5300391

0033ED 5300393

00340F 5300394

00347A 5300395

0034A5 5300396

0034DF 5300397

003516 5300398

003557 5300399

003588 5300400

0035C9 5300401

0035E5 5300402

00360B 5300403

00362A 5300404

003661 5300405

0036D6 5300406

003760 5300407

003774 5300408

0037BB 5300409

003944 5300410

003965 5300411

003A96 5300412

003AE1 5300413

003AFF 5300414

003C4B 5300415

003C72 5300416

003CA6 5300417

003CD2 5300418

003D05 5300419

003D38 5300420

003D56 5300421

003D82 5300422

003D9E 5300423

003E00 5300424

004233 5300425

004315 5300426

00432F 5300427

004350 5300428

004387 5300429

0043BA 5300430

0043F9 5300431

0044B2 5300432

0044D0 5300433

0044EC 5300434

004529 5300435

004541 5300436

004576 5300437

0045A1 5300438

0045B5 5300439

0045E7 5300440

0045F9 5300441

