00068A 5300051

0006B8 5300052

000705 5300053

0007E1 5300054

000802 5300055

000822 5300056

000851 5300057

00089A 5300058

0008CB 5300059

000924 5300060

000945 5300061

000984 5300062

0009EF 5300063

000A0C 5300064

000A39 5300065

000A6D 5300066

000A87 5300067

000AB1 5300068

000AEA 5300069

000B42 5300070

000BF6 5300071

000C0E 5300072

000C2A 5300073

000C50 5300074

000C70 5300075

000C82 5300076

000CC4 5300077

000D0E 5300078

000D31 5300079

000D48 5300080

000D72 5300081

000D96 5300082

000DBF 5300083

000E21 5300084

000E38 5300085

000E76 5300086

000E9A 5300087

000EEE 5300088

001009 5300089

001023 5300090

00105C 5300091

0010B8 5300092

0010EC 5300093

001127 5300094

00113F 5300095

00116A 5300096

001196 5300097

0011BF 5300098

0011E8 5300099

001229 5300100

001254 5300101

00126C 5300102

001284 5300103

0012A2 5300104

